adv fs upgrade 
for stars
100 100 100 100 200 * 5 = 3000
for upgrade
200 300 300 400 = 1200 + 3000 = 4200
books
1+ 1+ 2+ 2+ 3+ = 9

f skill
ap15		ap14	ap13	ap12
2 60		45	30	15
3 80		60	40	20
4 100		75	50	25
5 120		90	60	30
6 140		105	70	35
7 160		120	80	40
8 180		135	90	45
9 200		150	100	50
10 240		180	120	60
11 320		240	160	80
12 400		300	200	100
13 480		360	240	120
14 560		420	280	140
15 640		480	320	160
16 800		600	400	200
17 1000		750	500	250
18 1200		900	600	300
19 1400		1050	700	350
20 1600		1200	800	400


poisonus herb soul  - hp 5% each lv
2 72		54	36	18	
3 96		72	48	24
4 120		90	60	30
5 144		108	72	36
6 168		126	84	42
7 192		144	96	48
8 216		162	108	54
9 240		180	120	60
10 288		216	144	77
11 384		288	196	98
12 480		360	240	120
13 576		432	288	144
14 672		504	336	168
15 768		576	384	192
16 960		720	480	240
17 1200		900	600	300
18 1440		1080	720	360
19 1680		1260	840	420
20 1920		1440	960	480

falcon soul
2  120		90	60	30
3  160		120	80	40
4  200		150	100	50
5  240		180	120	60
6  280		210	140	70
7  320		240	160	80
8  360		270	180	90
9  400		300	200	100
10 480		360	240	120
11 640		480	320	160
12 800		600	400	200
13 960		720	480	240
14 1120		840	560	280
15 1280		960	640	320
16 1600		1200	800	400
17 2000		1500	1000	500
18 2400		1800	1200	600
19 2800		2100	1400	700
20 3200		2400	1600	800

rock solid soul
2
3
4
5
6
7
8
9
10
11
12
13
14
15
16
17
18
19
20